/Library/Java/JavaVirtualMachines/openjdk-17.jdk/Contents/Home/bin/java -javaagent:/Applications/IntelliJ IDEA CE.app/Contents/lib/idea_rt.jar=51323:/Applications/IntelliJ IDEA CE.app/Contents/bin -Dfile.encoding=UTF-8 -classpath /Users/josephangelodelosreyes/Dev/Java/AoC2023/D1Trebuchet/out/production/D1Trebuchet Main
[49]
new
[54]
new
[54]
[54, 57]
69
new
[57]
[57, 49]
91
new
[51]
[51, 49]
31
new
[53]
new
[55]
[55, 52]
74
[55, 52, 50]
72
[55, 52, 50, 55]
77
[55, 52, 50, 55, 57]
79
new
[49]
[49, 54]
16
[49, 54, 54]
16
[49, 54, 54, 57]
19
[49, 54, 54, 57, 50]
12
[49, 54, 54, 57, 50, 57]
19
new
[51]
new
[50]
new
[49]
[49, 54]
16
[49, 54, 53]
15
[49, 54, 53, 55]
17
new
[55]
[55, 55]
77
[55, 55, 56]
78
[55, 55, 56, 54]
76
[55, 55, 56, 54, 53]
75
new
[51]
new
[51]
new
[56]
[56, 56]
88
[56, 56, 49]
81
new
[49]
[49, 56]
18
[49, 56, 55]
17
new
[57]
[57, 55]
97
new
[52]
[52, 53]
45
[52, 53, 57]
49
new
[56]
[56, 51]
83
[56, 51, 55]
87
new
[57]
[57, 56]
98
new
[50]
[50, 50]
22
new
[53]
[53, 54]
56
new
[49]
[49, 56]
18
[49, 56, 51]
13
new
[52]
[52, 55]
47
[52, 55, 49]
41
[52, 55, 49, 54]
46
[52, 55, 49, 54, 54]
46
new
[52]
[52, 52]
44
[52, 52, 51]
43
[52, 52, 51, 50]
42
[52, 52, 51, 50, 55]
47
new
[57]
[57, 54]
96
new
[49]
[49, 56]
18
new
[57]
new
[56]
[56, 53]
85
new
[53]
[53, 55]
57
new
[57]
new
[54]
new
[56]
new
[50]
[50, 53]
25
[50, 53, 49]
21
[50, 53, 49, 50]
22
new
[51]
[51, 49]
31
new
[55]
[55, 56]
78
[55, 56, 57]
79
[55, 56, 57, 51]
73
new
[54]
[54, 56]
68
new
[57]
new
[54]
[54, 49]
61
[54, 49, 52]
64
[54, 49, 52, 53]
65
new
[57]
new
[53]
new
[50]
new
[54]
new
[50]
[50, 57]
29
[50, 57, 55]
27
[50, 57, 55, 57]
29
new
[54]
[54, 57]
69
new
[50]
[50, 53]
25
new
[52]
[52, 53]
45
[52, 53, 57]
49
[52, 53, 57, 54]
46
[52, 53, 57, 54, 52]
44
new
[56]
[56, 51]
83
[56, 51, 53]
85
new
[57]
new
[53]
[53, 52]
54
new
[57]
[57, 49]
91
[57, 49, 56]
98
[57, 49, 56, 52]
94
[57, 49, 56, 52, 57]
99
new
[54]
[54, 55]
67
[54, 55, 55]
67
new
[53]
[53, 49]
51
[53, 49, 54]
56
new
[51]
new
[51]
new
[52]
[52, 52]
44
new
[55]
[55, 52]
74
[55, 52, 54]
76
new
[53]
new
[51]
[51, 50]
32
[51, 50, 57]
39
new
[54]
[54, 56]
68
[54, 56, 51]
63
new
[54]
[54, 50]
62
[54, 50, 51]
63
new
[57]
[57, 54]
96
new
[51]
[51, 51]
33
[51, 51, 51]
33
new
[57]
[57, 49]
91
[57, 49, 51]
93
new
[56]
[56, 54]
86
[56, 54, 52]
84
new
[51]
[51, 54]
36
new
[50]
[50, 52]
24
new
[50]
new
[49]
new
[54]
new
[54]
[54, 56]
68
[54, 56, 51]
63
new
[51]
[51, 51]
33
new
[50]
new
[52]
[52, 53]
45
[52, 53, 55]
47
new
[57]
new
[49]
[49, 53]
15
new
[55]
new
[53]
[53, 56]
58
new
[52]
[52, 51]
43
new
[49]
[49, 51]
13
[49, 51, 51]
13
new
[54]
[54, 53]
65
new
[50]
[50, 54]
26
[50, 54, 52]
24
new
[52]
[52, 49]
41
[52, 49, 51]
43
new
[57]
new
[53]
new
[54]
new
[49]
[49, 53]
15
[49, 53, 53]
15
new
[51]
[51, 55]
37
[51, 55, 52]
34
[51, 55, 52, 56]
38
new
[53]
new
[52]
new
[52]
new
[53]
new
[55]
new
[50]
[50, 56]
28
[50, 56, 51]
23
new
[54]
[54, 53]
65
new
[56]
[56, 54]
86
new
[55]
[55, 57]
79
new
[53]
[53, 52]
54
new
[52]
[52, 57]
49
new
[56]
new
[54]
[54, 57]
69
[54, 57, 51]
63
[54, 57, 51, 57]
69
new
[53]
[53, 51]
53
new
[52]
[52, 50]
42
[52, 50, 52]
44
[52, 50, 52, 52]
44
[52, 50, 52, 52, 49]
41
new
[50]
[50, 52]
24
[50, 52, 50]
22
new
[54]
new
[56]
new
[53]
new
[57]
[57, 56]
98
new
[53]
[53, 56]
58
[53, 56, 56]
58
[53, 56, 56, 55]
57
[53, 56, 56, 55, 57]
59
new
[51]
[51, 55]
37
[51, 55, 54]
36
new
[57]
[57, 50]
92
new
[54]
new
[50]
[50, 50]
22
[50, 50, 52]
24
[50, 50, 52, 52]
24
new
[56]
[56, 57]
89
new
[49]
[49, 50]
12
new
[51]
[51, 52]
34
new
[49]
[49, 50]
12
new
[53]
new
[50]
[50, 50]
22
[50, 50, 52]
24
new
[56]
[56, 54]
86
[56, 54, 54]
86
[56, 54, 54, 53]
85
new
[56]
new
[51]
[51, 53]
35
new
[52]
new
[57]
[57, 51]
93
[57, 51, 49]
91
new
[52]
[52, 49]
41
[52, 49, 56]
48
new
[55]
[55, 50]
72
new
[53]
[53, 52]
54
[53, 52, 53]
55
new
[55]
[55, 51]
73
new
[56]
[56, 57]
89
[56, 57, 52]
84
new
[51]
[51, 52]
34
[51, 52, 50]
32
[51, 52, 50, 56]
38
new
[49]
new
[54]
new
[50]
[50, 51]
23
new
[50]
[50, 49]
21
[50, 49, 53]
25
new
[57]
new
[54]
new
[51]
[51, 55]
37
[51, 55, 53]
35
new
[53]
[53, 49]
51
new
[52]
[52, 57]
49
[52, 57, 56]
48
new
[50]
[50, 55]
27
[50, 55, 54]
26
[50, 55, 54, 57]
29
[50, 55, 54, 57, 50]
22
[50, 55, 54, 57, 50, 50]
22
new
[50]
new
[49]
[49, 51]
13
[49, 51, 56]
18
[49, 51, 56, 57]
19
[49, 51, 56, 57, 54]
16
new
[50]
[50, 57]
29
[50, 57, 55]
27
[50, 57, 55, 56]
28
[50, 57, 55, 56, 55]
27
new
[53]
[53, 56]
58
new
[57]
[57, 52]
94
new
[54]
[54, 51]
63
new
[55]
[55, 56]
78
new
[57]
new
[57]
[57, 55]
97
[57, 55, 52]
94
new
[54]
new
[51]
[51, 56]
38
new
[55]
new
[57]
new
[55]
new
[54]
new
[57]
[57, 56]
98
new
[51]
[51, 51]
33
[51, 51, 51]
33
[51, 51, 51, 50]
32
new
[54]
[54, 56]
68
[54, 56, 56]
68
[54, 56, 56, 51]
63
new
[52]
[52, 50]
42
new
[49]
[49, 51]
13
[49, 51, 56]
18
[49, 51, 56, 57]
19
new
[53]
[53, 51]
53
new
[52]
new
[57]
[57, 54]
96
[57, 54, 52]
94
[57, 54, 52, 57]
99
[57, 54, 52, 57, 49]
91
new
[52]
[52, 53]
45
new
[50]
[50, 57]
29
[50, 57, 50]
22
new
[54]
new
[49]
[49, 52]
14
new
[57]
new
[49]
[49, 54]
16
[49, 54, 55]
17
new
[52]
[52, 50]
42
new
[56]
new
[49]
[49, 51]
13
[49, 51, 56]
18
new
[52]
[52, 55]
47
[52, 55, 57]
49
[52, 55, 57, 50]
42
[52, 55, 57, 50, 56]
48
new
[55]
[55, 53]
75
[55, 53, 54]
76
new
[50]
[50, 55]
27
new
[52]
[52, 56]
48
new
[53]
new
[49]
[49, 49]
11
new
[51]
[51, 56]
38
new
[55]
new
[50]
new
[54]
[54, 51]
63
new
[55]
[55, 52]
74
[55, 52, 51]
73
[55, 52, 51, 57]
79
new
[53]
[53, 57]
59
[53, 57, 51]
53
new
[57]
new
[54]
[54, 51]
63
new
[49]
new
[50]
[50, 56]
28
new
[53]
new
[51]
[51, 52]
34
[51, 52, 49]
31
new
[54]
[54, 49]
61
new
[56]
[56, 55]
87
[56, 55, 57]
89
new
[54]
new
[51]
[51, 54]
36
new
[57]
new
[54]
[54, 57]
69
new
[52]
[52, 54]
46
new
[49]
[49, 50]
12
new
[56]
[56, 51]
83
new
[55]
new
[54]
[54, 53]
65
new
[57]
[57, 53]
95
[57, 53, 56]
98
[57, 53, 56, 57]
99
[57, 53, 56, 57, 54]
96
new
[57]
[57, 51]
93
new
[57]
[57, 56]
98
[57, 56, 57]
99
new
[57]
new
[52]
new
[53]
new
[55]
[55, 56]
78
[55, 56, 53]
75
new
[56]
[56, 49]
81
new
[55]
new
[51]
new
[49]
[49, 53]
15
[49, 53, 57]
19
new
[50]
[50, 54]
26
[50, 54, 51]
23
new
[52]
[52, 53]
45
[52, 53, 53]
45
new
[53]
new
[49]
[49, 56]
18
new
[51]
new
[55]
[55, 55]
77
[55, 55, 50]
72
new
[53]
[53, 51]
53
new
[51]
[51, 51]
33
[51, 51, 51]
33
new
[56]
[56, 55]
87
[56, 55, 54]
86
[56, 55, 54, 54]
86
new
[51]
new
[57]
[57, 53]
95
[57, 53, 56]
98
[57, 53, 56, 56]
98
new
[52]
[52, 55]
47
new
[54]
[54, 55]
67
new
[50]
new
[56]
new
[51]
new
[52]
[52, 52]
44
[52, 52, 54]
46
[52, 52, 54, 54]
46
new
[55]
new
[52]
[52, 49]
41
new
[49]
[49, 56]
18
[49, 56, 52]
14
new
[55]
new
[55]
new
[55]
new
[52]
new
[54]
[54, 49]
61
new
[50]
[50, 52]
24
new
[49]
[49, 55]
17
new
[51]
[51, 55]
37
[51, 55, 53]
35
[51, 55, 53, 50]
32
new
[50]
[50, 56]
28
new
[53]
new
[53]
[53, 56]
58
[53, 56, 53]
55
new
[52]
[52, 51]
43
[52, 51, 51]
43
[52, 51, 51, 50]
42
[52, 51, 51, 50, 57]
49
[52, 51, 51, 50, 57, 51]
43
new
[52]
[52, 56]
48
[52, 56, 50]
42
[52, 56, 50, 51]
43
new
[49]
new
[53]
[53, 49]
51
new
[49]
[49, 55]
17
new
[49]
new
[52]
new
[53]
[53, 54]
56
new
[53]
[53, 50]
52
[53, 50, 55]
57
new
[54]
[54, 53]
65
new
[53]
new
[52]
[52, 55]
47
[52, 55, 52]
44
new
[51]
[51, 57]
39
new
[56]
[56, 56]
88
[56, 56, 55]
87
new
[52]
[52, 49]
41
[52, 49, 50]
42
[52, 49, 50, 57]
49
new
[57]
[57, 49]
91
new
[56]
[56, 57]
89
new
[57]
[57, 49]
91
[57, 49, 51]
93
new
[56]
[56, 52]
84
[56, 52, 52]
84
new
[57]
[57, 57]
99
[57, 57, 54]
96
new
[54]
[54, 55]
67
new
[54]
[54, 55]
67
new
[55]
[55, 57]
79
new
[56]
[56, 56]
88
new
[50]
new
[53]
[53, 55]
57
[53, 55, 56]
58
new
[55]
[55, 50]
72
new
[54]
[54, 54]
66
new
[50]
[50, 50]
22
new
[57]
new
[52]
[52, 50]
42
new
[56]
[56, 51]
83
[56, 51, 54]
86
new
[57]
new
[50]
[50, 50]
22
new
[55]
[55, 53]
75
new
[53]
[53, 56]
58
[53, 56, 51]
53
[53, 56, 51, 54]
56
[53, 56, 51, 54, 50]
52
new
[50]
new
[49]
[49, 51]
13
[49, 51, 52]
14
[49, 51, 52, 52]
14
new
[52]
new
[51]
[51, 51]
33
[51, 51, 53]
35
new
[54]
[54, 54]
66
new
[52]
[52, 52]
44
new
[49]
[49, 50]
12
new
[54]
[54, 56]
68
[54, 56, 53]
65
new
[51]
[51, 51]
33
new
[52]
new
[51]
[51, 53]
35
new
[52]
new
[55]
[55, 53]
75
[55, 53, 57]
79
[55, 53, 57, 57]
79
[55, 53, 57, 57, 57]
79
[55, 53, 57, 57, 57, 49]
71
new
[53]
[53, 53]
55
[53, 53, 50]
52
new
[52]
[52, 57]
49
new
[52]
[52, 51]
43
[52, 51, 57]
49
new
[52]
[52, 51]
43
new
[55]
new
[54]
[54, 52]
64
[54, 52, 55]
67
[54, 52, 55, 53]
65
[54, 52, 55, 53, 51]
63
new
[51]
[51, 56]
38
[51, 56, 52]
34
[51, 56, 52, 57]
39
new
[54]
[54, 49]
61
[54, 49, 54]
66
new
[55]
new
[56]
[56, 53]
85
[56, 53, 55]
87
new
[54]
new
[57]
[57, 52]
94
[57, 52, 51]
93
new
[57]
[57, 54]
96
new
[56]
[56, 57]
89
[56, 57, 51]
83
new
[52]
new
[53]
[53, 52]
54
[53, 52, 54]
56
[53, 52, 54, 55]
57
[53, 52, 54, 55, 51]
53
new
[57]
[57, 50]
92
[57, 50, 56]
98
[57, 50, 56, 56]
98
new
[54]
[54, 54]
66
[54, 54, 49]
61
[54, 54, 49, 56]
68
new
[51]
new
[54]
[54, 50]
62
new
[52]
new
[51]
new
[51]
[51, 53]
35
[51, 53, 52]
34
new
[57]
[57, 51]
93
[57, 51, 56]
98
new
[57]
new
[55]
[55, 50]
72
[55, 50, 52]
74
new
[50]
new
[57]
[57, 57]
99
[57, 57, 52]
94
new
[56]
new
[57]
[57, 57]
99
new
[57]
[57, 57]
99
new
[49]
[49, 49]
11
[49, 49, 49]
11
[49, 49, 49, 55]
17
new
[57]
[57, 53]
95
new
[55]
new
[54]
[54, 53]
65
[54, 53, 50]
62
new
[49]
[49, 51]
13
[49, 51, 53]
15
[49, 51, 53, 52]
14
new
[54]
[54, 49]
61
[54, 49, 51]
63
new
[54]
[54, 56]
68
new
[53]
[53, 50]
52
[53, 50, 52]
54
new
[53]
new
[49]
[49, 57]
19
[49, 57, 49]
11
[49, 57, 49, 55]
17
new
[51]
new
[50]
[50, 52]
24
new
[55]
[55, 51]
73
new
[57]
[57, 52]
94
[57, 52, 52]
94
new
[50]
new
[57]
new
[53]
[53, 51]
53
[53, 51, 49]
51
[53, 51, 49, 49]
51
new
[56]
new
[49]
[49, 57]
19
new
[52]
[52, 56]
48
new
[53]
[53, 51]
53
new
[54]
new
[55]
[55, 52]
74
new
[57]
[57, 51]
93
new
[51]
[51, 55]
37
[51, 55, 49]
31
new
[52]
new
[56]
[56, 52]
84
[56, 52, 53]
85
[56, 52, 53, 51]
83
[56, 52, 53, 51, 50]
82
[56, 52, 53, 51, 50, 52]
84
new
[52]
[52, 54]
46
[52, 54, 51]
43
new
[55]
new
[54]
[54, 55]
67
new
[55]
new
[56]
[56, 54]
86
new
[50]
[50, 55]
27
[50, 55, 51]
23
new
[53]
[53, 55]
57
[53, 55, 55]
57
new
[55]
new
[56]
new
[57]
[57, 50]
92
new
[53]
new
[52]
[52, 56]
48
new
[55]
new
[50]
new
[52]
[52, 54]
46
new
[51]
[51, 50]
32
new
[50]
new
[57]
new
[53]
[53, 56]
58
[53, 56, 53]
55
[53, 56, 53, 50]
52
[53, 56, 53, 50, 54]
56
new
[54]
new
[52]
new
[52]
new
[50]
new
[54]
new
[52]
[52, 50]
42
new
[50]
new
[50]
[50, 50]
22
[50, 50, 57]
29
new
[50]
[50, 52]
24
[50, 52, 54]
26
new
[50]
[50, 56]
28
new
[56]
[56, 52]
84
[56, 52, 49]
81
new
[49]
[49, 54]
16
[49, 54, 50]
12
[49, 54, 50, 54]
16
new
[57]
[57, 57]
99
[57, 57, 54]
96
[57, 57, 54, 52]
94
new
[57]
new
[54]
[54, 49]
61
new
[54]
new
[57]
new
[54]
[54, 53]
65
[54, 53, 50]
62
[54, 53, 50, 55]
67
[54, 53, 50, 55, 51]
63
new
[56]
[56, 51]
83
new
[51]
[51, 53]
35
new
[55]
[55, 56]
78
[55, 56, 52]
74
new
[50]
[50, 57]
29
new
[52]
new
[49]
new
[56]
new
[54]
[54, 51]
63
[54, 51, 49]
61
new
[53]
[53, 49]
51
new
[56]
new
[54]
new
[53]
new
[50]
new
[54]
new
[56]
[56, 53]
85
[56, 53, 57]
89
[56, 53, 57, 50]
82
new
[49]
new
[51]
[51, 56]
38
new
[49]
new
[55]
[55, 49]
71
new
[57]
new
[53]
[53, 54]
56
[53, 54, 49]
51
new
[49]
new
[57]
new
[57]
new
[51]
[51, 56]
38
new
[54]
new
[51]
new
[50]
[50, 54]
26
[50, 54, 50]
22
new
[56]
new
[57]
new
[57]
[57, 49]
91
[57, 49, 56]
98
new
[49]
[49, 50]
12
[49, 50, 53]
15
[49, 50, 53, 57]
19
new
[50]
new
[50]
[50, 50]
22
[50, 50, 57]
29
new
[51]
[51, 51]
33
[51, 51, 49]
31
[51, 51, 49, 50]
32
new
[50]
new
[54]
new
[54]
[54, 49]
61
new
[54]
[54, 54]
66
[54, 54, 56]
68
new
[57]
[57, 50]
92
[57, 50, 57]
99
[57, 50, 57, 54]
96
new
[50]
[50, 56]
28
new
[52]
[52, 53]
45
new
[57]
[57, 51]
93
[57, 51, 51]
93
new
[54]
[54, 53]
65
[54, 53, 54]
66
new
[52]
new
[51]
[51, 51]
33
[51, 51, 51]
33
[51, 51, 51, 52]
34
new
[56]
[56, 53]
85
new
[54]
[54, 50]
62
[54, 50, 54]
66
new
[52]
new
[57]
new
[53]
[53, 53]
55
[53, 53, 50]
52
new
[55]
new
[54]
[54, 54]
66
new
[49]
new
[49]
new
[57]
new
[55]
[55, 52]
74
new
[54]
[54, 56]
68
new
[54]
[54, 55]
67
new
[52]
[52, 54]
46
[52, 54, 49]
41
new
[51]
[51, 53]
35
new
[53]
new
[51]
[51, 52]
34
[51, 52, 54]
36
[51, 52, 54, 57]
39
new
[57]
[57, 54]
96
new
[54]
[54, 52]
64
new
[53]
[53, 53]
55
new
[57]
[57, 49]
91
new
[49]
new
[51]
[51, 53]
35
[51, 53, 56]
38
[51, 53, 56, 56]
38
new
[57]
[57, 55]
97
[57, 55, 56]
98
[57, 55, 56, 49]
91
new
[57]
[57, 54]
96
[57, 54, 54]
96
[57, 54, 54, 53]
95
[57, 54, 54, 53, 50]
92
new
[57]
new
[56]
[56, 50]
82
new
[51]
[51, 56]
38
new
[52]
[52, 52]
44
[52, 52, 49]
41
[52, 52, 49, 55]
47
new
[57]
[57, 57]
99
new
[52]
[52, 56]
48
new
[53]
[53, 56]
58
[53, 56, 52]
54
new
[56]
new
[57]
[57, 51]
93
[57, 51, 49]
91
new
[57]
[57, 49]
91
[57, 49, 57]
99
[57, 49, 57, 56]
98
[57, 49, 57, 56, 57]
99
[57, 49, 57, 56, 57, 55]
97
new
[53]
new
[49]
[49, 51]
13
new
[50]
[50, 50]
22
[50, 50, 49]
21
new
[50]
new
[52]
new
[54]
[54, 57]
69
new
[54]
new
[49]
[49, 50]
12
[49, 50, 53]
15
[49, 50, 53, 50]
12
new
[53]
new
[50]
[50, 51]
23
[50, 51, 49]
21
new
[54]
[54, 52]
64
[54, 52, 55]
67
new
[52]
[52, 55]
47
new
[57]
[57, 50]
92
[57, 50, 50]
92
new
[56]
new
[56]
[56, 54]
86
[56, 54, 57]
89
new
[50]
[50, 53]
25
new
[57]
new
[50]
[50, 50]
22
[50, 50, 55]
27
new
[57]
new
[56]
[56, 55]
87
[56, 55, 50]
82
new
[57]
[57, 52]
94
[57, 52, 50]
92
[57, 52, 50, 51]
93
new
[57]
[57, 51]
93
[57, 51, 55]
97
new
[56]
[56, 57]
89
[56, 57, 50]
82
new
[51]
[51, 49]
31
new
[56]
[56, 52]
84
[56, 52, 55]
87
new
[55]
new
[52]
[52, 56]
48
new
[53]
new
[56]
[56, 53]
85
[56, 53, 49]
81
new
[57]
new
[55]
[55, 51]
73
[55, 51, 55]
77
new
[57]
[57, 49]
91
[57, 49, 53]
95
[57, 49, 53, 55]
97
new
[50]
new
[54]
[54, 52]
64
new
[51]
[51, 50]
32
new
[51]
new
[57]
[57, 50]
92
[57, 50, 54]
96
new
[57]
new
[56]
[56, 50]
82
[56, 50, 52]
84
new
[57]
[57, 54]
96
new
[57]
new
[53]
[53, 51]
53
[53, 51, 56]
58
[53, 51, 56, 49]
51
new
[53]
[53, 51]
53
new
[52]
[52, 56]
48
[52, 56, 54]
46
new
[53]
new
[53]
new
[53]
new
[52]
[52, 53]
45
[52, 53, 52]
44
[52, 53, 52, 53]
45
[52, 53, 52, 53, 52]
44
new
[56]
[56, 51]
83
new
[53]
[53, 56]
58
new
[55]
[55, 57]
79
[55, 57, 53]
75
new
[49]
[49, 49]
11
[49, 49, 51]
13
[49, 49, 51, 55]
17
[49, 49, 51, 55, 51]
13
new
[54]
[54, 52]
64
new
[53]
[53, 57]
59
new
[51]
[51, 50]
32
new
[54]
[54, 51]
63
[54, 51, 49]
61
new
[54]
new
[54]
new
[53]
new
[55]
new
[55]
[55, 49]
71
new
[53]
[53, 51]
53
new
[57]
[57, 55]
97
[57, 55, 49]
91
new
[50]
[50, 53]
25
new
[55]
[55, 50]
72
new
[56]
[56, 49]
81
[56, 49, 52]
84
[56, 49, 52, 53]
85
new
[50]
[50, 53]
25
new
[53]
new
[53]
[53, 56]
58
new
[52]
[52, 50]
42
new
[57]
[57, 52]
94
new
[55]
[55, 56]
78
[55, 56, 51]
73
new
[56]
[56, 49]
81
[56, 49, 51]
83
[56, 49, 51, 51]
83
new
[50]
new
[53]
new
[56]
new
[55]
[55, 50]
72
new
[52]
new
[55]
[55, 56]
78
new
[55]
new
[55]
[55, 54]
76
new
[52]
[52, 51]
43
new
[51]
[51, 52]
34
new
[53]
[53, 51]
53
[53, 51, 54]
56
new
[49]
[49, 53]
15
[49, 53, 54]
16
new
[54]
[54, 49]
61
new
[56]
[56, 56]
88
[56, 56, 56]
88
new
[53]
[53, 49]
51
new
[56]
new
[51]
[51, 54]
36
new
[49]
[49, 49]
11
new
[55]
new
[52]
[52, 51]
43
new
[51]
new
[50]
[50, 49]
21
[50, 49, 54]
26
new
[52]
[52, 50]
42
[52, 50, 55]
47
[52, 50, 55, 49]
41
new
[52]
new
[53]
[53, 49]
51
[53, 49, 54]
56
[53, 49, 54, 49]
51
[53, 49, 54, 49, 54]
56
new
[56]
new
[55]
[55, 53]
75
[55, 53, 56]
78
new
[52]
new
[52]
[52, 56]
48
new
[54]
[54, 49]
61
[54, 49, 57]
69
new
[53]
[53, 57]
59
new
[57]
[57, 49]
91
new
[51]
[51, 52]
34
[51, 52, 49]
31
new
[53]
new
[54]
new
[50]
new
[55]
[55, 53]
75
new
[52]
[52, 57]
49
new
[57]
new
[56]
[56, 52]
84
new
[57]
[57, 52]
94
[57, 52, 51]
93
new
[53]
[53, 55]
57
[53, 55, 56]
58
new
[55]
[55, 52]
74
new
[50]
[50, 52]
24
[50, 52, 49]
21
new
[55]
new
[51]
[51, 53]
35
[51, 53, 55]
37
new
[52]
[52, 50]
42
new
[52]
new
[52]
new
[55]
new
[50]
[50, 55]
27
[50, 55, 54]
26
new
[51]
[51, 49]
31
[51, 49, 55]
37
new
[53]
new
[54]
[54, 49]
61
[54, 49, 55]
67
new
[53]
[53, 54]
56
new
[57]
[57, 56]
98
new
[55]
new
[51]
new
[56]
[56, 54]
86
new
[50]
[50, 54]
26
[50, 54, 50]
22
new
[54]
new
[51]
new
[51]
[51, 54]
36
new
[49]
[49, 53]
15
new
[55]
new
[56]
new
[53]
[53, 50]
52
[53, 50, 49]
51
new
[53]
[53, 51]
53
[53, 51, 54]
56
[53, 51, 54, 57]
59
[53, 51, 54, 57, 57]
59
new
[53]
[53, 51]
53
[53, 51, 56]
58
new
[53]
[53, 54]
56
[53, 54, 57]
59
[53, 54, 57, 52]
54
new
[54]
new
[54]
[54, 49]
61
[54, 49, 53]
65
new
[56]
[56, 50]
82
[56, 50, 51]
83
[56, 50, 51, 51]
83
new
[56]
[56, 55]
87
new
[56]
[56, 53]
85
new
[56]
[56, 55]
87
[56, 55, 49]
81
[56, 55, 49, 50]
82
[56, 55, 49, 50, 53]
85
new
[50]
[50, 55]
27
[50, 55, 52]
24
[50, 55, 52, 57]
29
new
[55]
[55, 57]
79
[55, 57, 56]
78
new
[50]
[50, 55]
27
new
[49]
new
[50]
new
[53]
[53, 52]
54
[53, 52, 56]
58
[53, 52, 56, 52]
54
new
[54]
[54, 57]
69
[54, 57, 56]
68
new
[51]
new
[49]
[49, 56]
18
[49, 56, 53]
15
[49, 56, 53, 51]
13
new
[57]
[57, 52]
94
new
[49]
new
[54]
[54, 56]
68
new
[52]
[52, 49]
41
new
[55]
new
[57]
[57, 50]
92
[57, 50, 50]
92
new
[49]
new
[52]
new
[56]
[56, 55]
87
[56, 55, 50]
82
new
[54]
[54, 49]
61
[54, 49, 57]
69
new
[49]
[49, 57]
19
[49, 57, 57]
19
[49, 57, 57, 50]
12
new
[51]
[51, 50]
32
[51, 50, 56]
38
new
[54]
[54, 54]
66
[54, 54, 54]
66
new
[52]
new
[54]
new
[54]
[54, 51]
63
new
[55]
[55, 52]
74
new
[54]
[54, 56]
68
[54, 56, 52]
64
[54, 56, 52, 52]
64
new
[55]
[55, 57]
79
new
[57]
new
[53]
[53, 50]
52
new
[56]
[56, 55]
87
[56, 55, 53]
85
new
[53]
[53, 50]
52
[53, 50, 56]
58
new
[50]
new
[56]
new
[54]
[54, 52]
64
[54, 52, 52]
64
[54, 52, 52, 53]
65
new
[52]
new
[56]
[56, 52]
84
[56, 52, 55]
87
new
[50]
[50, 51]
23
[50, 51, 56]
28
[50, 51, 56, 52]
24
[50, 51, 56, 52, 53]
25
new
[50]
[50, 53]
25
[50, 53, 49]
21
new
[49]
new
[52]
[52, 49]
41
new
[55]
new
[54]
[54, 57]
69
new
[51]
new
[50]
[50, 50]
22
[50, 50, 56]
28
new
[49]
new
[53]
new
[52]
[52, 54]
46
[52, 54, 55]
47
[52, 54, 55, 51]
43
[52, 54, 55, 51, 53]
45
new
[49]
[49, 51]
13
[49, 51, 53]
15
[49, 51, 53, 53]
15
new
[54]
[54, 56]
68
[54, 56, 57]
69
[54, 56, 57, 57]
69
new
[51]
new
[49]
new
[49]
[49, 52]
14
new
[57]
[57, 56]
98
new
[56]
[56, 56]
88
[56, 56, 53]
85
[56, 56, 53, 56]
88
new
[54]
[54, 54]
66
new
[49]
new
[53]
new
[49]
[49, 53]
15
new
[51]
new
[52]
new
[56]
[56, 54]
86
new
[51]
[51, 55]
37
[51, 55, 55]
37
new
[50]
[50, 51]
23
[50, 51, 49]
21
new
[52]
new
[50]
[50, 49]
21
[50, 49, 54]
26
new
[56]
[56, 53]
85
new
[56]
new
[50]
[50, 54]
26
[50, 54, 55]
27
new
[51]
[51, 49]
31
[51, 49, 55]
37
[51, 49, 55, 53]
35
[51, 49, 55, 53, 57]
39
new
[56]
[56, 57]
89
[56, 57, 55]
87
new
[55]
new
[55]
[55, 54]
76
[55, 54, 56]
78
new
[52]
new
[55]
new
[49]
new
[54]
[54, 51]
63
[54, 51, 55]
67
new
[52]
[52, 50]
42
[52, 50, 49]
41
new
[57]
[57, 52]
94
[57, 52, 55]
97
new
[49]
[49, 53]
15
new
[54]
new
[53]
[53, 53]
55
new
[57]
[57, 57]
99
new
[57]
new
[57]
[57, 49]
91
new
[54]
new
[52]
[52, 49]
41
[52, 49, 57]
49
new
[56]
[56, 55]
87
new
[50]
[50, 54]
26
new
[50]
[50, 56]
28
[50, 56, 54]
26
new
[50]
new
[54]
new
[49]
[49, 51]
13
new
[56]
new
[56]
[56, 52]
84
[56, 52, 57]
89
new
[57]
[57, 53]
95
new
[53]
new
[50]
[50, 55]
27
new
[49]
new
[53]
[53, 50]
52
new
[57]
new
[49]
[49, 57]
19
new
[51]
new
[49]
new
[51]
new
[52]
[52, 50]
42
new
[54]
new
[53]
[53, 57]
59
new
[55]
[55, 56]
78
[55, 56, 50]
72
[55, 56, 50, 50]
72
new
[53]
new
[52]
[52, 52]
44
new
[50]
[50, 55]
27
[50, 55, 55]
27
new
[53]
new
[50]
new
[49]
[49, 49]
11
new
[56]
[56, 54]
86
new
[56]
new
[50]
[50, 49]
21
new
[49]
new
[50]
[50, 56]
28
new
[49]
[49, 49]
11
new
[53]
new
[51]
[51, 55]
37
new
[49]
[49, 55]
17
[49, 55, 52]
14
[49, 55, 52, 56]
18
new
[50]
[50, 51]
23
new
[49]
[49, 56]
18
[49, 56, 56]
18
[49, 56, 56, 52]
14
new
[56]
[56, 57]
89
[56, 57, 49]
81
new
[53]
[53, 53]
55
[53, 53, 55]
57
[53, 53, 55, 51]
53
new
[55]
[55, 54]
76
new
[55]
new
[53]
[53, 51]
53
[53, 51, 53]
55
new
[49]
new
[50]
new
[49]
[49, 54]
16
new
[53]
[53, 49]
51
new
[55]
new
[52]
[52, 49]
41
[52, 49, 54]
46
new
[57]
new
[56]
new
[52]
[52, 50]
42
[52, 50, 53]
45
new
[53]
new
[49]
new
[57]
[57, 56]
98
[57, 56, 57]
99
[57, 56, 57, 52]
94
new
[57]
[57, 53]
95
new
[51]
[51, 55]
37
new
[53]
[53, 57]
59
[53, 57, 56]
58
new
[55]
[55, 50]
72
new
[56]
[56, 51]
83
[56, 51, 50]
82
[56, 51, 50, 49]
81
new
[49]
[49, 49]
11
[49, 49, 52]
14
new
[55]
[55, 57]
79
new
[51]
[51, 56]
38
[51, 56, 56]
38
new
[57]
new
[56]
new
[53]
[53, 55]
57
[53, 55, 51]
53
new
[55]
new
[49]
[49, 55]
17
[49, 55, 56]
18
[49, 55, 56, 52]
14
new
[53]
[53, 53]
55
new
[55]
[55, 57]
79
new
[57]
[57, 53]
95
[57, 53, 54]
96
new
[50]
[50, 53]
25
new
[52]
[52, 55]
47
new
[57]
[57, 49]
91
[57, 49, 57]
99
[57, 49, 57, 53]
95
new
[52]
[52, 57]
49
[52, 57, 51]
43
new
[50]
[50, 53]
25
[50, 53, 49]
21
[50, 53, 49, 49]
21
[50, 53, 49, 49, 49]
21
[50, 53, 49, 49, 49, 50]
22
new
[55]
new
[55]
new
[53]
[53, 51]
53
new
[54]
[54, 50]
62
new
[52]
[52, 53]
45
new
[55]
new
[55]
[55, 55]
77
new
[49]
new
[53]
[53, 53]
55
[53, 53, 51]
53
new
[53]
[53, 52]
54
[53, 52, 56]
58
[53, 52, 56, 49]
51
[53, 52, 56, 49, 49]
51
new
[56]
new
[53]
new
[55]
[55, 49]
71
[55, 49, 51]
73
new
[51]
new
[56]
new
[52]
new
[56]
[56, 54]
86
[56, 54, 49]
81
new
[51]
[51, 50]
32
[51, 50, 55]
37
[51, 50, 55, 54]
36
new
[54]
[54, 54]
66
new
[55]
[55, 49]
71
new
[49]
[49, 50]
12
new
[53]
[53, 51]
53
new
[52]
[52, 51]
43
new
[54]
[54, 57]
69
new
[56]
[56, 52]
84
new
[53]
[53, 57]
59
new
[52]
[52, 50]
42
new
[57]
new
[50]
new
[57]
[57, 53]
95
new
[50]
[50, 51]
23
[50, 51, 55]
27
[50, 51, 55, 54]
26
[50, 51, 55, 54, 51]
23
new
[49]
[49, 52]
14
new
[52]
new
[51]
[51, 57]
39
[51, 57, 52]
34
new
[57]
new
[55]
[55, 51]
73
[55, 51, 56]
78
new
[55]
[55, 53]
75
new
[49]
[49, 56]
18
[49, 56, 56]
18
new
[56]
[56, 57]
89
new
[49]
new
[51]
[51, 56]
38
new
[50]
[50, 57]
29
[50, 57, 50]
22
[50, 57, 50, 50]
22
new
[56]
[56, 55]
87
new
[53]
[53, 54]
56
[53, 54, 54]
56
[53, 54, 54, 55]
57
new
[56]
[56, 57]
89
[56, 57, 49]
81
[56, 57, 49, 53]
85
[56, 57, 49, 53, 56]
88
new
[52]
[52, 55]
47
new
[56]
[56, 52]
84
[56, 52, 49]
81
new
[54]
[54, 53]
65
[54, 53, 53]
65
new
[54]
[54, 49]
61
new
[57]
new
[54]
[54, 52]
64
[54, 52, 49]
61
new
[53]
new
[53]
new
[56]
[56, 50]
82
[56, 50, 57]
89
[56, 50, 57, 56]
88
new
[57]
new
[52]
[52, 52]
44
new
[53]
new
[51]
[51, 51]
33
new
[57]
[57, 49]
91
new
[49]
[49, 56]
18
new
[56]
[56, 49]
81
[56, 49, 52]
84
[56, 49, 52, 49]
81
new
[51]
new
[57]
new
[56]
[56, 49]
81
new
[51]
[51, 54]
36
new
[55]
new
[52]
[52, 57]
49
[52, 57, 49]
41
[52, 57, 49, 50]
42
new
[56]
new
[55]
[55, 57]
79
new
[49]
new
[53]
new
[56]
[56, 56]
88
[56, 56, 56]
88
new
[50]
[50, 52]
24
new
[54]
[54, 51]
63
new
[50]
[50, 49]
21
[50, 49, 52]
24
[50, 49, 52, 53]
25
new
[56]
new
[53]
[53, 54]
56
[53, 54, 55]
57
new
[53]
new
[50]
new
[51]
[51, 53]
35
[51, 53, 53]
35
new
[53]
[53, 54]
56
new
[54]
new
[57]
[57, 49]
91
[57, 49, 50]
92
new
[56]
[56, 53]
85
[56, 53, 50]
82
new
[55]
[55, 57]
79
new
[56]
[56, 51]
83
new
[51]
[51, 51]
33
new
[55]
new
[52]
[52, 54]
46
new
[56]
[56, 52]
84
[56, 52, 49]
81
new
[51]
[51, 53]
35
[51, 53, 49]
31
new
[55]
[55, 54]
76
new
[55]
[55, 56]
78
[55, 56, 56]
78
new
[52]
[52, 57]
49
new
[49]
new
[51]
[51, 54]
36
[51, 54, 51]
33
[51, 54, 51, 54]
36
new
[55]
new
[53]
[53, 55]
57
new
[51]
[51, 52]
34
[51, 52, 56]
38
[51, 52, 56, 51]
33
new
[50]
[50, 55]
27
new
[53]
new
[57]
new
[49]
[49, 53]
15
[49, 53, 55]
17
[49, 53, 55, 57]
19
[49, 53, 55, 57, 55]
17
new
[54]
new
[57]
new
[54]
[54, 53]
65
[54, 53, 55]
67
new
[51]
[51, 51]
33
new
[52]
new
[51]
new
[55]
[55, 55]
77
[55, 55, 52]
74
new
[55]
[55, 50]
72
new
[57]
new
[56]
[56, 50]
82
[56, 50, 53]
85
new
[53]
[53, 49]
51
[53, 49, 49]
51
new
[53]
[53, 56]
58
[53, 56, 55]
57
[53, 56, 55, 52]
54
[53, 56, 55, 52, 50]
52
new
[50]
[50, 51]
23
[50, 51, 49]
21
new
[50]
new
[55]
new
[56]
new
[50]
[50, 52]
24
[50, 52, 55]
27
new
[53]
[53, 57]
59
[53, 57, 51]
53
new
[54]
[54, 55]
67
[54, 55, 52]
64
[54, 55, 52, 50]
62
new
[56]
new
[56]
new
[50]
[50, 56]
28
[50, 56, 50]
22
new
[57]
[57, 54]
96
new
[54]
[54, 54]
66
new
[55]
[55, 56]
78
[55, 56, 50]
72
[55, 56, 50, 49]
71
new
[55]
[55, 52]
74
[55, 52, 51]
73
new
[50]
[50, 55]
27
[50, 55, 50]
22
[50, 55, 50, 50]
22
[50, 55, 50, 50, 57]
29
new
[53]
[53, 56]
58
new
[57]
[57, 49]
91
new
[52]
[52, 49]
41
[52, 49, 53]
45
new
[55]
new
[56]
new
[51]
[51, 52]
34
[51, 52, 57]
39
[51, 52, 57, 51]
33
[51, 52, 57, 51, 52]
34
new
[54]
[54, 53]
65
new
[49]
[49, 56]
18
[49, 56, 50]
12
[49, 56, 50, 52]
14
new
[51]
[51, 57]
39
new
[51]
new
[55]
[55, 52]
74
new
[49]
[49, 51]
13
new
[56]
new
[56]
[56, 56]
88
[56, 56, 55]
87
new
[53]
[53, 56]
58
new
[56]
[56, 49]
81
[56, 49, 57]
89
[56, 49, 57, 57]
89
new
[53]
[53, 53]
55
new
[51]
new
[56]
[56, 56]
88
new
[56]
[56, 49]
81
new
[57]
[57, 54]
96
[57, 54, 56]
98
new
[53]
[53, 54]
56
new
[56]
new
[51]
[51, 49]
31
new
[56]
new
[50]
[50, 50]
22
new
[49]
new
[51]
[51, 56]
38
new
[54]
[54, 50]
62
[54, 50, 54]
66
new
[56]
new
[57]
new
[50]
[50, 49]
21
[50, 49, 50]
22
new
[50]
[50, 52]
24
new
[56]
[56, 55]
87
[56, 55, 56]
88
new
[54]
new
[55]
[55, 49]
71
new
[50]
[50, 56]
28
new
[49]
new
[50]
new
[49]
new
[55]
[55, 55]
77
[55, 55, 55]
77
new
[49]
[49, 50]
12
new
[57]
[57, 50]
92
[57, 50, 53]
95
[57, 50, 53, 55]
97
[57, 50, 53, 55, 53]
95
new
[56]
new
[49]
[49, 51]
13
[49, 51, 56]
18
[49, 51, 56, 55]
17
[49, 51, 56, 55, 49]
11
new
[56]
new
[56]
new
[56]
[56, 52]
84
[56, 52, 57]
89
new
[53]
[53, 50]
52
[53, 50, 51]
53
new
[57]
[57, 51]
93
new
[53]
new
[51]
[51, 52]
34
new
[50]
[50, 55]
27
new
[49]
[49, 55]
17
new
[55]
new
[53]
[53, 54]
56
[53, 54, 56]
58
new
[50]
[50, 49]
21
new
[52]
[52, 56]
48
new
[53]
[53, 56]
58
[53, 56, 51]
53
new
[49]
[49, 54]
16
new
[53]
new
[49]
[49, 54]
16
[49, 54, 49]
11
new
[56]
[56, 51]
83
[56, 51, 51]
83
[56, 51, 51, 57]
89
new
[49]
new
[53]
new
[52]
new
[50]
new
[54]
[54, 51]
63
new
[52]
[52, 50]
42
new
[56]
[56, 55]
87
new
[51]
new
[55]
[55, 54]
76
[55, 54, 56]
78
[55, 54, 56, 56]
78
[55, 54, 56, 56, 56]
78
new
[53]
[53, 51]
53
new
[50]
[50, 52]
24
new
[53]
new
[52]
new
[49]
[49, 56]
18
new
[49]
new
[55]
[55, 57]
79
[55, 57, 51]
73
new
[50]
[50, 56]
28
[50, 56, 54]
26
[50, 56, 54, 49]
21
new
[52]
new
[49]
[49, 50]
12
new
[57]
[57, 52]
94
[57, 52, 55]
97
new
[55]
new
[53]
[53, 56]
58
[53, 56, 51]
53
[53, 56, 51, 53]
55
new
[56]
[56, 49]
81
new
[50]
[50, 51]
23
[50, 51, 52]
24
new
[54]
[54, 57]
69
new
[57]
[57, 56]
98
[57, 56, 57]
99
new
Sum: 69384

Process finished with exit code 0
